VERSION_4
PINHOLE
fu = 553846.15384599997
fv = 553846.15384599997
cu = 1280
cv = 540
u_direction = 1 0 0
v_direction = 0 1 0
w_direction = 0 0 1
C = -2317379.6147307232 -3871635.8870806298 5188634.3755841274
R = 0.89049592909915543 -0.45430359544735871 0.025004867954744082 -0.44251908425470804 -0.8519976095289028 0.27978015195401096 -0.10580104124348777 -0.26020821762703317 -0.95973841391868642
pitch = 1
NULL
